V101116
CHEMKIN-Preprocessor
CRECK-Modeling
PoliMI
Mar2013
2.000000e+02
5.000000e+03
7
CH4
H2
O2
CO
CO2
H2O
N2
5
3.8792615360009911e+01 6.9400062702754841e+00 -2.9711171273050872e-03 6.3379459176540824e-07 -5.2766869321460343e-11 
5
2.6689802770510651e+03 -7.0851360040737985e+00 2.5488110118347635e-02 -2.5122343589884593e-05 8.6390986819253464e-09 
6
7.4851495000000004e-02 6.6954733499999999e-03 -1.9109526966666665e-06 3.0573133750000000e-10 -2.0363046000000002e-14 -9.4683445900000006e+03 
6
5.1498761300000000e+00 -6.8354894000000003e-03 1.6393353300000001e-05 -1.2118575650000000e-08 3.3338791200000000e-12 -1.0246647600000000e+04 
6
7.4851495000000004e-02 1.3390946700000000e-02 -2.8664290450000000e-06 4.0764178333333332e-10 -2.5453807500000001e-14 1.8437318000000001e+01 
6
5.1498761300000000e+00 -1.3670978800000001e-02 2.4590029950000000e-05 -1.6158100866666668e-08 4.1673488999999998e-12 -4.6413037599999996e+00 
5
1.3763730644459511e+04 -2.0374751172109201e-01 2.0598781669036292e-03 -7.4057438161388785e-07 8.2590064845906851e-11 
5
9.6685773480097469e+03 3.2913559646289102e+01 -8.0332512729564140e-02 8.3133110566705753e-05 -3.0420857801137660e-08 
6
3.3372791999999998e+00 -2.4701236549999999e-05 1.6648559266666665e-07 -4.4891598500000001e-11 4.0051075199999998e-15 -9.5015892199999996e+02 
6
2.3443311200000001e+00 3.9902603749999996e-03 -6.4927169999999995e-06 5.0393023500000001e-09 -1.4752235220000002e-12 -9.1793517299999996e+02 
6
3.3372791999999998e+00 -4.9402473099999998e-05 2.4972838899999998e-07 -5.9855464666666673e-11 5.0063843999999999e-15 -3.2050233100000001e+00 
6
2.3443311200000001e+00 7.9805207499999992e-03 -9.7390754999999993e-06 6.7190698000000004e-09 -1.8440294025000001e-12 6.8301023800000005e-01 
5
8.5294509507738144e+02 3.8537019357357349e-01 -1.9695247520914828e-04 5.4429496675775369e-08 -5.6312642357320202e-12 
5
9.8284551675000534e+02 -7.7868095589808550e-01 2.5587543414808405e-03 -2.5156185742590671e-06 8.4286071869162364e-10 
6
3.2825378399999998e+00 7.4154376999999996e-04 -2.5265555633333331e-07 5.2367638749999998e-11 -4.3343558799999996e-15 -1.0884577200000001e+03 
6
3.7824563599999999e+00 -1.4983670799999999e-03 3.2824340033333332e-06 -2.4203237725000002e-09 6.4874567400000000e-13 -1.0639435599999999e+03 
6
3.2825378399999998e+00 1.4830875399999999e-03 -3.7898333450000000e-07 6.9823518333333326e-11 -5.4179448499999998e-15 5.4532312899999997e+00 
6
3.7824563599999999e+00 -2.9967341599999998e-03 4.9236510050000000e-06 -3.2270983633333334e-09 8.1093209250000000e-13 3.6576757299999998e+00 
5
8.0597316790337993e+02 6.1223872155271064e-01 -2.9649051168785696e-04 6.8288720653414782e-08 -6.0450598366572754e-12 
5
1.0625453817251478e+03 -1.8117681796755170e-01 3.0183021878922410e-04 2.6923478193981939e-07 -2.6846852602038405e-10 
6
2.7151856099999998e+00 1.0312637150000001e-03 -3.3294192366666671e-07 5.7513252000000000e-11 -4.0729543200000001e-15 -1.4151872400000000e+04 
6
3.5795334699999999e+00 -3.0517684000000000e-04 3.3893811000000002e-07 2.2675147100000000e-10 -1.8088489979999999e-13 -1.4344085999999999e+04 
6
2.7151856099999998e+00 2.0625274300000002e-03 -4.9941288550000003e-07 7.6684335999999996e-11 -5.0911929000000001e-15 7.8186877199999998e+00 
6
3.5795334699999999e+00 -6.1035368000000000e-04 5.0840716500000002e-07 3.0233529466666668e-10 -2.2610612475000000e-13 3.5084092800000000e+00 
5
7.2877611866567861e+02 8.3399111917649904e-01 -4.1843686215560527e-04 9.8901121123454637e-08 -8.9189165631942705e-12 
5
4.4525675686985466e+02 1.6974275999136192e+00 -1.3458291150133502e-03 4.6460597617511606e-07 -2.7148639512100429e-11 
6
3.8574602900000001e+00 2.2071851299999999e-03 -7.3827134666666672e-07 1.3087254700000001e-10 -9.4416832800000002e-15 -4.8759165999999997e+04 
6
2.3567735200000000e+00 4.4922983850000002e-03 -2.3745208966666665e-06 6.1479755499999995e-10 -2.8739909599999997e-14 -4.8371969700000001e+04 
6
3.8574602900000001e+00 4.4143702599999998e-03 -1.1074070200000000e-06 1.7449672933333335e-10 -1.1802104100000001e-14 2.2716380599999999e+00 
6
2.3567735200000000e+00 8.9845967700000005e-03 -3.5617813449999999e-06 8.1973007333333327e-10 -3.5924886999999997e-14 9.9010522200000004e+00 
5
1.4002784396669092e+03 1.0047129010309273e+00 -7.5724383054508098e-05 -4.4787784606064224e-08 7.7629797504273409e-12 
5
1.9377984195600293e+03 -9.3987535349254825e-01 3.0093609403072786e-03 -2.5328628736030390e-06 8.1782101807754475e-10 
6
3.0339924900000002e+00 1.0884590200000001e-03 -5.4690839333333327e-08 -2.4260496750000000e-11 3.3640198399999998e-15 -3.0004297100000000e+04 
6
4.1986405600000003e+00 -1.0182170500000001e-03 2.1734673700000000e-06 -1.3719926550000001e-09 3.5439563400000000e-13 -3.0293726699999999e+04 
6
3.0339924900000002e+00 2.1769180400000002e-03 -8.2036258999999994e-08 -3.2347328999999999e-11 4.2050247999999998e-15 4.9667700999999997e+00 
6
4.1986405600000003e+00 -2.0364341000000002e-03 3.2602010549999998e-06 -1.8293235400000001e-09 4.4299454250000000e-13 -8.4903220800000001e-01 
5
8.6861702767759732e+02 4.4162657015185430e-01 -1.6872178792951979e-04 2.9967673290557612e-08 -2.0043721374967639e-12 
5
9.7903637311334978e+02 4.1796107157132778e-01 -1.1762711210352016e-03 1.6743829069850001e-06 -7.2562454370393506e-10 
6
2.9266399999999999e+00 7.4398840000000003e-04 -1.8949200000000001e-07 2.5242595000000000e-11 -1.3506701999999999e-15 -9.2279769999999996e+02 
6
3.2986770000000001e+00 7.0412019999999999e-04 -1.3210739999999999e-06 1.4103787500000001e-09 -4.8897079999999994e-13 -1.0208999000000000e+03 
6
2.9266399999999999e+00 1.4879768000000001e-03 -2.8423800000000001e-07 3.3656793333333334e-11 -1.6883377499999999e-15 5.9805279999999996e+00 
6
3.2986770000000001e+00 1.4082404000000000e-03 -1.9816109999999999e-06 1.8805050000000002e-09 -6.1121349999999998e-13 3.9503720000000002e+00 
7
1.6042999744415283e+01 2.0160000324249259e+00 3.1997999191284180e+01 2.8009999275207520e+01 4.4008998870849609e+01 1.8014999628067017e+01 2.8013999938964801e+01 
7
2.0000000000000000e+02 2.0000000000000000e+02 2.0000000000000000e+02 2.0000000000000000e+02 2.0000000000000000e+02 2.0000000000000000e+02 2.5000000000000000e+02 
7
1.0000000000000000e+03 1.0000000000000000e+03 1.0000000000000000e+03 1.0000000000000000e+03 1.0000000000000000e+03 1.0000000000000000e+03 1.0000000000000000e+03 
7
3.5000000000000000e+03 3.5000000000000000e+03 3.5000000000000000e+03 3.5000000000000000e+03 3.5000000000000000e+03 3.5000000000000000e+03 5.0000000000000000e+03 
4 7
1.0000000000000000e+00 0.0000000000000000e+00 0.0000000000000000e+00 1.0000000000000000e+00 1.0000000000000000e+00 0.0000000000000000e+00 0.0000000000000000e+00 
4.0000000000000000e+00 2.0000000000000000e+00 0.0000000000000000e+00 0.0000000000000000e+00 0.0000000000000000e+00 2.0000000000000000e+00 0.0000000000000000e+00 
0.0000000000000000e+00 0.0000000000000000e+00 2.0000000000000000e+00 1.0000000000000000e+00 2.0000000000000000e+00 1.0000000000000000e+00 0.0000000000000000e+00 
0.0000000000000000e+00 0.0000000000000000e+00 0.0000000000000000e+00 0.0000000000000000e+00 0.0000000000000000e+00 0.0000000000000000e+00 2.0000000000000000e+00 
4
1.2010999679565430e+01 1.0080000162124629e+00 1.5998999595642090e+01 1.4006999969482401e+01 
C
H
O
N
1
-1.0000000000000000e+00
1.0000000000000000e+00
7 4
-2.1781807551721300e+01 3.3249085675930372e+00 -3.5004659660210652e-01 1.5237097868922340e-02 
-1.5839824636911583e+01 8.6929580135205564e-01 -3.0546165489741300e-02 1.3841639809761086e-03 
-1.9066500599128190e+01 2.4945177465066806e+00 -2.4405862237242110e-01 1.0725260809256969e-02 
-1.8586772268421090e+01 2.2452923256676454e+00 -2.1177127645915253e-01 9.3312339345324475e-03 
-2.5846966423903790e+01 4.9387903347995783e+00 -5.4390733373718902e-01 2.3003554200853666e-02 
-2.0289935476395801e+01 2.0461980495536038e+00 -7.6695557753015703e-02 -7.5953546451798569e-04 
-1.8537694209848695e+01 2.2329709137389595e+00 -2.1020140599072820e-01 9.2646218846825085e-03 
-1.0000000000000000e+00
1.0000000000000000e+00
7 4
-3.9362752953948488e+00 -2.3134159342333724e+00 6.3048467605986946e-01 -3.6175743770332662e-02 
4.6185011884345278e-01 -1.7461492453623675e+00 3.1144392416836619e-01 -1.2449045041014980e-02 
-1.4088809012895698e+01 3.2157353320713371e+00 -3.2402022662181429e-01 1.4333427994838950e-02 
-1.5663853401014705e+00 -2.2786144215529833e+00 4.7046017341256341e-01 -2.3783818763675187e-02 
-2.3840834595320150e+01 6.3326838072806479e+00 -6.3789909009579882e-01 2.3856632008105675e-02 
5.1166823709921205e+00 -5.8274369081740414e+00 1.0694833800481574e+00 -5.4261896907568080e-02 
-9.1641554143117823e-02 -2.8594993259511114e+00 5.4702544625142835e-01 -2.7117734819574555e-02 
-1.0000000000000000e+00
1.0000000000000000e+00
49 4
0 0 0 0 
-2.1374644041434959e+01 2.6329640615389063e+00 -1.2872332511076764e-01 5.6371839101813266e-03 
-2.5127721066318536e+01 3.6348379086770399e+00 -2.5644119539696902e-01 1.1073362174956913e-02 
-2.4876121221694007e+01 3.5320091093942985e+00 -2.4354774481796995e-01 1.0533343534939760e-02 
-2.8150026201677129e+01 4.6795368350849396e+00 -3.8553957202531142e-01 1.6409409776413905e-02 
-3.0107119185597391e+01 5.4638045083383284e+00 -4.6955528290203352e-01 1.9356256384806939e-02 
-2.4854096098817333e+01 3.5269540951245038e+00 -2.4292656486044586e-01 1.0507840697923944e-02 
-2.1374644041434959e+01 2.6329640615389063e+00 -1.2872332511076764e-01 5.6371839101813266e-03 
0 0 0 0 
-2.0674069166890682e+01 2.3842668645415293e+00 -9.5402920683501646e-02 4.1472094839812299e-03 
-2.0500060631619061e+01 2.2940135191780757e+00 -8.3165145146333802e-02 3.5935732446357891e-03 
-2.2724229938249021e+01 3.1226594499888845e+00 -1.9199646521696648e-01 8.3667082713736584e-03 
-2.4840726550407169e+01 4.0526483571630685e+00 -3.0819030566945577e-01 1.3214333709550951e-02 
-2.0479087779540475e+01 2.2893454265056126e+00 -8.2542051120939292e-02 3.5657974073882047e-03 
-2.5127721066318536e+01 3.6348379086770399e+00 -2.5644119539696902e-01 1.1073362174956913e-02 
-2.0674069166890682e+01 2.3842668645415293e+00 -9.5402920683501646e-02 4.1472094839812299e-03 
0 0 0 0 
-2.4191560741181512e+01 3.2396029244421007e+00 -2.0669235189511634e-01 8.9827354197321539e-03 
-2.7280931097859199e+01 4.3160926058705487e+00 -3.4119246880098741e-01 1.4598284564563207e-02 
-2.9501161280776451e+01 5.2743257539006079e+00 -4.5216819882563247e-01 1.8882429587572028e-02 
-2.4164112480586297e+01 3.2323090785413902e+00 -2.0575036099014121e-01 8.9421189160051422e-03 
-2.4876121221694007e+01 3.5320091093942985e+00 -2.4354774481796995e-01 1.0533343534939760e-02 
-2.0500060631619061e+01 2.2940135191780757e+00 -8.3165145146333802e-02 3.5935732446357891e-03 
-2.4191560741181512e+01 3.2396029244421007e+00 -2.0669235189511634e-01 8.9827354197321539e-03 
0 0 0 0 
-2.6889182568775357e+01 4.1646447959186172e+00 -3.2186341185618300e-01 1.3772106899780170e-02 
-2.9334871260052847e+01 5.2169570477059510e+00 -4.4688938533548506e-01 1.8738387130981124e-02 
-2.3947585190236776e+01 3.1448758503603380e+00 -1.9470058623690228e-01 8.4761283885972042e-03 
-2.8150026205827796e+01 4.6795368368978743e+00 -3.8553957228682484e-01 1.6409409788881800e-02 
-2.2724229944029151e+01 3.1226594525176643e+00 -1.9199646558232611e-01 8.3667082888197342e-03 
-2.7280931091638607e+01 4.3160926031508078e+00 -3.4119246840828477e-01 1.4598284545822937e-02 
-2.6889182569175293e+01 4.1646447960907684e+00 -3.2186341188065881e-01 1.3772106900930659e-02 
0 0 0 0 
-3.0670871500732382e+01 5.4184888503555975e+00 -4.4494352056443731e-01 1.7579366506854436e-02 
-2.6857340438534553e+01 4.1557795847353391e+00 -3.2074858845729426e-01 1.3725198725369578e-02 
-3.0107119186980945e+01 5.4638045089428031e+00 -4.6955528298925264e-01 1.9356256388966365e-02 
-2.4840726549364099e+01 4.0526483567088274e+00 -3.0819030560412392e-01 1.3214333706445062e-02 
-2.9501161287075412e+01 5.2743257566568014e+00 -4.5216819922390544e-01 1.8882429606592199e-02 
-2.9334871264887184e+01 5.2169570498200386e+00 -4.4688938564079855e-01 1.8738387145553852e-02 
-3.0670871500732382e+01 5.4184888503555975e+00 -4.4494352056443731e-01 1.7579366506854436e-02 
0 0 0 0 
-2.9314877271077119e+01 5.2136884675817354e+00 -4.4661318331324679e-01 1.8732249301605761e-02 
-2.4854096100808899e+01 3.5269540959943746e+00 -2.4292656498592249e-01 1.0507840703906106e-02 
-2.0479087775741103e+01 2.2893454248446852e+00 -8.2542050881148660e-02 3.5657973959464678e-03 
-2.4164112486806893e+01 3.2323090812611333e+00 -2.0575036138284436e-01 8.9421189347454483e-03 
-2.3947585189553106e+01 3.1448758500591838e+00 -1.9470058619310207e-01 8.4761283864924087e-03 
-2.6857340438534553e+01 4.1557795847353391e+00 -3.2074858845729426e-01 1.3725198725369578e-02 
-2.9314877271077119e+01 5.2136884675817354e+00 -4.4661318331324679e-01 1.8732249301605761e-02 
0 0 0 0 
-1.0000000000000000e+00
1.0000000000000000e+00
3
1 2 6 
21 4
0.0000000000000000e+00 0.0000000000000000e+00 0.0000000000000000e+00 0.0000000000000000e+00 
3.2037300022074072e-01 1.7842608933118695e-04 -8.8908935196844615e-08 1.3692790985057017e-11 
-6.0375562782429781e-02 -1.9459358251808191e-04 9.1503034115455712e-08 -1.3105071981442648e-11 
-5.5435137515963039e-02 -1.5091777160917858e-04 7.1479638790303762e-08 -1.0295394513925660e-11 
8.1488763788229272e-03 -3.7769697833872011e-04 1.6499115707228432e-07 -2.2477303668264089e-11 
1.1816912430478341e-02 -4.9814770473407840e-05 1.8902716767016725e-08 -2.3619519179914432e-12 
-5.5836261211981375e-02 -1.5041778651984163e-04 7.1275452796822627e-08 -1.0269751728130245e-11 
-3.2037300022074072e-01 -1.7842608933118695e-04 8.8908935196844615e-08 -1.3692790985057017e-11 
0.0000000000000000e+00 0.0000000000000000e+00 0.0000000000000000e+00 0.0000000000000000e+00 
-4.0459510768263796e-01 -1.2895638831439556e-04 6.3098966879654857e-08 -9.9261420083942603e-12 
-4.0909818823544314e-01 -1.0490493421753445e-04 5.0348174137882542e-08 -7.9670136283772299e-12 
-2.7336446236544010e-01 -3.7904676032073532e-04 1.8485438829370955e-07 -2.7338740247287298e-11 
-1.8022667743634681e-02 -6.1798483750232153e-04 2.7453339474190969e-07 -3.7801070364392032e-11 
-4.0983403847215971e-01 -1.0354699972016843e-04 4.9614324855535280e-08 -7.8534700319930217e-12 
-1.1816912430478341e-02 4.9814770473407840e-05 -1.8902716767016725e-08 2.3619519179914432e-12 
1.8022667743634681e-02 6.1798483750232153e-04 -2.7453339474190969e-07 3.7801070364392032e-11 
4.6960029221752964e-02 -2.4688960066014453e-04 9.8255349231832995e-08 -1.2645586380740694e-11 
3.4108480285408228e-02 -1.9200537630651967e-04 7.7201694329410604e-08 -9.9983584637181718e-12 
9.6473696467915204e-02 -3.1713908231529881e-04 1.0744212234822288e-07 -1.2434973188616020e-11 
0.0000000000000000e+00 0.0000000000000000e+00 0.0000000000000000e+00 0.0000000000000000e+00 
3.3373235073656075e-02 -1.9206432292493059e-04 7.7458189437371565e-08 -1.0049955778367471e-11 
