7
4
0
0
0
4.397509e+11
0.000000e+00
3.000000e+04
0
0
0
3.000000e+08
0.000000e+00
3.000000e+04
1
0
0
6.798707e+15
-1.000000e+00
4.000000e+04
1
0
0
2.750000e+09
0.000000e+00
2.000000e+04
7
2 1 0 1 0 2 0 
7
0 0 0 0 0 0 0 
7
0 0 0 0 0 0 0 
7
0 0 2 0 0 0 0 
7
0 0 0 0 0 0 0 
7
0 1 0 2 1 1 0 
7
0 1 0 0 0 0 0 
7
0 1 0 0 0 0 0 
7
0 0 0 0 0 0 0 
7
0 0 0 0 0 0 0 
7
0 1 0 0 1 1 0 
7
0 0 0 0 0 0 0 
7
0 0 0 0 0 0 0 
7
0 0 0 0 0 0 0 
7
0 0 0 0 0 0 0 
6
1 2 3 4 2 4 
0

0

2
1 3 
0

0

5
4 1 2 4 3 
1
1 
1
2 
0

0

0

3
4 4 3 
0

0

0

0

0

4
1.500000e+00 2.000000e+00 -5.000000e-01 0.000000e+00 
CH4+0.5O2=>2H2+CO
CH4+H2O=>3H2+CO
H2+0.5O2=H2O
CO+H2O=H2+CO2
4
1.750000e+00 2.000000e+00 1.750000e+00 2.000000e+00 
4
0.000000e+00 0.000000e+00 1.000000e+00 2.000000e+00 
0
0
