KTP	5.0	NONE	ConstP	1.0	
1052.0	12466105236789.611	0.1			
1074.0	12251162996130.373	0.1			
1086.0	12139277995029.393	0.1			
1102.0	11995608569139.45	0.1			
1115.0	11883278084815.723	0.1			
1155.0	11560366975723.623	0.1			
1164.0	11492093496352.887	0.1			
1170.0	11447414439155.854	0.1			
1174.0	11417991973041.492	0.1			
1228.0	11047251647161.861	0.1			
1234.0	11008886826588.336	0.1			
1243.0	10952320793501.379	0.1			
1246.0	10933721992732.475	0.1			
1246.0	10933721992732.475	0.1			
1248.0	10921392973870.174	0.1			
1251.0	10903003808563.998	0.1			
1252.0	10896901736754.445	0.1			
1254.0	10884738800094.215	0.1			
1264.0	10824736837146.484	0.1			
1274.0	10766057965565.89	0.1			
1285.0	10702989928578.791	0.1			
1301.0	10613914844648.34	0.1			
1313.0	10549095597832.986	0.1			
1315.0	10538452935785.953	0.1			
1323.0	10496330819203.982	0.1			
1330.0	10460052643051.227	0.1			
1333.0	10444667216679.482	0.1			
1336.0	10429377946622.924	0.1			
1336.0	10429377946622.924	0.1			
1337.0	10424302742424.242	0.1			
1352.0	10349424089178.082	0.1			
1357.0	10324974443831.49	0.1			
1358.0	10320114481687.215	0.1			
1359.0	10315264440270.113	0.1			
1387.0	10183376215039.8	0.1			
1472.0	9824635997399.746	0.1			
1509.0	9685533785307.434	0.1			
1514.0	9667443543212.3	0.1			
1516.0	9660252829619.928	0.1			
1516.0	9660252829619.928	0.1			
1521.0	9642388343902.113	0.1			
1522.0	9638834566773.7	0.1			
1525.0	9628211183111.611	0.1			
1527.0	9621160389532.38	0.1			
1531.0	9607133737180.146	0.1			
1533.0	9600157625415.252	0.1			
1538.0	9582824884308.924	0.1			
1543.0	9565644225661.205	0.1			
1546.0	9555408037200.066	0.1			
1549.0	9545225507210.676	0.1			
1556.0	9521672693576.861	0.1			
1557.0	9518331382121.268	0.1			
1558.0	9514995871169.713	0.1			
1565.0	9491808505049.654	0.1			
1569.0	9478683999292.768	0.1			
1570.0	9475416984570.547	0.1			
1575.0	9459165889327.889	0.1			
1577.0	9452704385296.025	0.1			
1578.0	9449481921865.963	0.1			
1578.0	9449481921865.963	0.1			
1579.0	9446264966147.662	0.1			
1579.0	9446264966147.662	0.1			
1581.0	9439847524068.74	0.1			
1583.0	9433451951932.729	0.1			
1593.0	9401798438418.203	0.1			
1596.0	9392406525406.81	0.1			
1609.0	9352252154888.182	0.1			
1611.0	9346151886133.148	0.1			
1616.0	9330989998815.877	0.1			
1620.0	9318951016361.955	0.1			
1627.0	9298073989593.336	0.1			
1637.0	9268664862054.463	0.1			
1639.0	9262840784544.885	0.1			
1647.0	9239733984870.674	0.1			
1649.0	9234004222575.402	0.1			
1652.0	9225444428940.617	0.1			
1658.0	9208449239878.205	0.1			
1664.0	9191618010462.662	0.1			
1667.0	9183263176027.912	0.1			
1667.0	9183263176027.912	0.1			
1675.0	9161179158187.756	0.1			
1684.0	9136669480694.89	0.1			
1692.0	9115175154490.23	0.1			
1698.0	9099231695116.99	0.1			
1700.0	9093950573929.28	0.1			
1706.0	9078206264371.807	0.1			
1708.0	9072990934032.363	0.1			
1714.0	9057442243859.701	0.1			
1715.0	9054864890833.818	0.1			
1715.0	9054864890833.818	0.1			
1716.0	9052291541253.555	0.1			
1725.0	9029310095906.293	0.1			
1726.0	9026776297452.564	0.1			
1743.0	8984292614044.264	0.1			
1746.0	8976909594382.398	0.1			
1747.0	8974456079063.305	0.1			
1754.0	8957385518915.615	0.1			
1760.0	8942897078832.15	0.1			
1763.0	8935701952619.566	0.1			
1782.0	8890877839891.734	0.1			
1792.0	8867791479961.588	0.1			
1801.0	8847303800571.021	0.1			
1805.0	8838284954462.738	0.1			
1809.0	8829318886873.014	0.1			
1809.0	8829318886873.014	0.1			
1819.0	8807131757967.018	0.1			
1841.0	8759438736540.968	0.1			
1846.0	8748808551522.773	0.1			
1850.0	8740359004760.58	0.1			
1869.0	8700874060688.947	0.1			
1883.0	8672450659072.187	0.1			
1884.0	8670441704153.718	0.1			
1888.0	8662433912368.3125	0.1			
1895.0	8648527332572.086	0.1			
1897.0	8644578836394.498	0.1			
1913.0	8613381410709.809	0.1			
1915.0	8609529916222.56	0.1			
1924.0	8592328384977.619	0.1			
1934.0	8573462070108.36	0.1			
1939.0	8564124719132.766	0.1			
1945.0	8553003077965.215	0.1			
1948.0	8547475982097.019	0.1			
1976.0	8496948823875.189	0.1			
1977.0	8495178957373.21	0.1			
1989.0	8474122332198.656	0.1			
1997.0	8460268592760.776	0.1			
1998.0	8458547091459.683	0.1			
1999.0	8456827846369.744	0.1			
2001.0	8453396108098.429	0.1			
2014.0	8431307094386.296	0.1			
2015.0	8429623386517.847	0.1			
2017.0	8426262526109.929	0.1			
2026.0	8411246026954.99	0.1			
2029.0	8406279239594.485	0.1			
2030.0	8404627911207.552	0.1			
2038.0	8391493539875.751	0.1			
2041.0	8386602847967.055	0.1			
2042.0	8384976792612.615	0.1			
2044.0	8381730922173.455	0.1			
2049.0	8373652472603.745	0.1			
2057.0	8360833631754.188	0.1			
2068.0	8343419049129.185	0.1			
2081.0	8323147689044.835	0.1			
2082.0	8321602037055.482	0.1			
2092.0	8306251515402.552	0.1			
2094.0	8303204361689.588	0.1			
2099.0	8295619614375.393	0.1			
2104.0	8288081874337.158	0.1			
2107.0	8283581623034.47	0.1			
2125.0	8256927515665.431	0.1			
2132.0	8246720277140.01	0.1			
2134.0	8243819948040.082	0.1			
2136.0	8240926696148.412	0.1			
2142.0	8232289161100.691	0.1			
2151.0	8219450456317.005	0.1			
2155.0	8213789173913.933	0.1			
2163.0	8202548351233.131	0.1			
2165.0	8199755040596.156	0.1			
2184.0	8173550184822.142	0.1			
2188.0	8168108765333.5	0.1			
2211.0	8137316607492.421	0.1			
2213.0	8134678326993.11	0.1			
2256.0	8079420499489.53	0.1			
2282.0	8047316000444.592	0.1			
2293.0	8034017353874.062	0.1			
2305.0	8019697386626.517	0.1			
2345.0	7973332418142.3955	0.1			
2355.0	7962059625048.411	0.1			
2376.0	7938786431830.51	0.1			
2379.0	7935505130802.448	0.1			
2379.0	7935505130802.448	0.1			
2407.0	7905389727312.147	0.1			
2409.0	7903273303455.59	0.1			
2413.0	7899054090758.826	0.1			
2414.0	7898002118283.53	0.1			
2481.0	7830009502540.905	0.1			
2494.0	7817363060011.04	0.1			
2501.0	7810623890235.711	0.1			
